693037895068
693039972960
688886501750
631719717585
688987337246
688941279401
620501148111614
650694525371
688927187430
688938435546
688916338367
688992596023
693039852757
688927933665
688929470588
688954425935
601597784460
631720119980
688954664967
693041335448
620501148105284
620501148471423
650695769650
689095564136
689017920250
689078310314
631722008198
631716294657
688967982956
689008767307
689078920308
689047169213
693043457788
689093478296
689074147387
689022319064
688941987941
689010968387
689072246315
